image_width: 1920
image_height: 1080
camera_name: usb_cam
camera_matrix:
  rows: 3
  cols: 3
  data: [1448.45218, 0, 930.765906, 0, 1468.006455, 553.897551, 0, 0, 1]
distortion_model: plumb_bob
distortion_coefficients:
  rows: 1
  cols: 5
  data: [0.053909, -0.074796, 0.006418, 0.000557, 0]
rectification_matrix:
  rows: 3
  cols: 3
  data: [1, 0, 0, 0, 1, 0, 0, 0, 1]
projection_matrix:
  rows: 3
  cols: 4
  data: [1464.566772, 0, 930.876066, 0, 0, 1482.243286, 559.228561, 0, 0, 0, 1, 0]