# oST version 5.0 parameters


[image]

width
1920

height
1080

[narrow_stereo]

camera matrix
1585.725047 0.000000 908.272996
0.000000 1592.110319 576.107697
0.000000 0.000000 1.000000

distortion
0.135327 -0.152080 0.012417 -0.003728 0.000000

rectification
1.000000 0.000000 0.000000
0.000000 1.000000 0.000000
0.000000 0.000000 1.000000

projection
1642.722290 0.000000 901.406328 0.000000
0.000000 1641.438599 587.691096 0.000000
0.000000 0.000000 1.000000 0.000000

