# oST version 5.0 parameters


[image]

width
1920

height
1080

[narrow_stereo]

camera matrix
1448.452180 0.000000 930.765906
0.000000 1468.006455 553.897551
0.000000 0.000000 1.000000

distortion
0.053909 -0.074796 0.006418 0.000557 0.000000

rectification
1.000000 0.000000 0.000000
0.000000 1.000000 0.000000
0.000000 0.000000 1.000000

projection
1464.566772 0.000000 930.876066 0.000000
0.000000 1482.243286 559.228561 0.000000
0.000000 0.000000 1.000000 0.000000

